5
24
47
64
75
113
140
167
178
189
204
221
238
243
263
279
288
293
306
324
338
348
353
367
379
400
407
415
425
442
456
466
480
489
506
518
529
533
549
564
577
585
600
612
623
635
643
654
662
669
688
702
712
719
723
739
761
768
772
787
802
814
823
829
834
845
860
880
896
916
926
935
947
953
966
976
995
1003
1011
1025
1039
1055
1059
1066
1070
1087
1095
1109
1119
1134
1142
1158
1170
1177
1186
1195
1211
1224
1233
1245
1254
1266
1270
1291
1305
1312
1327
1333
1348
1359
1368
1372
1384
1402
1414
1420
1430
1448
1462
1465
1472
1488
1506
1513
1527
1536
1546
1559
1572
1581
1593
1603
1621
1626
1637
1643
1661
1674
1677
1689
1703
1715
1729
1733
1742
1754
1775
1788
1795
1802
1809
1819
1838
1850
1857
1873
1891
1897
1908
1917
1927
1939
1949
1955
1958
1963
1980
2000
2008
2012
2026
2037
2052
2061
2071
2088
2098
2105
2116
2130
2142
2151
2164
2173
2183
2196
2207
2218
2226
2234
2241
2249
2269
2280
2297
2308
2319
2330
2339
2352
2364
2370
2379
2388
2404
2417
2431
2440
2456
2466
2473
2484
2494
2507
2529
2542
2551
2555
2573
2586
2596
2608
2617
2630
2641
2655
2664
2673
2684
2699
2710
2715
2722
2732
2744
2759
2779
2794
2797
2804
2818
2832
2844
2853
2860
2868
2889
2897
2908
2919
2933
2940
2944
2954
2975
2984
2999
3005
3019
3029
3036
3048
3055
3073
3077
3088
3105
3118
3121
3134
3147
3158
3167
3174
3189
3196
3211
3215
3234
3247
3250
3261
3268
3288
3293
3311
3323
3326
3333
3349
3357
3372
3385
3397
3409
3421
3429
3441
3454
3461
3465
3484
3496
3502
3508
3521
3539
3551
3558
3562
3571
3589
3603
3606
3619
3634
3640
3649
3663
3675
3678
3692
3708
3715
3721
3739
3754
3765
3776
3788
3798
3803
3812
3824
3843
3856
3863
3867
3878
3892
3907
3917
3926
3936
3951
3969
3974
3983
3992
4007
4020
4023
4030
4039
4050
4070
4079
4086
4095
4102
4119
4132
4140
4147
4151
4170
4191
4197
4201
4216
4225
4238
4251
4266
4273
4280
4287
4304
4318
4327
4330
4347
4363
4366
4372
4381
4400
4413
4419
4426
4432
4439
4457
4473
4483
4487
4497
4515
4526
4533
4536
4552
4565
4571
4577
4596
4604
4615
4618
4634
4646
4653
4657
4674
4679
4694
4710
4715
4719
4726
4744
4757
4765
4768
4771
4775
4797
4820
4826
4830
4837
4847
4859
4881
4889
4893
4907
4923
4928
4932
4939
4949
4961
4986
4997
5009
5019
5025
5035
5043
5056
5074
5085
5093
5103
5119
5130
5140
5150
5155
5167
5180
5196
5201
5213
5222
5235
5245
5258
5264
5272
5278
5298
5306
5319
5328
5338
5341
5359
5367
5378
5389
5405
5410
5414
5431
5445
5453
5456
5472
5484
5487
5499
5508
5526
5539
5550
5561
5569
5580
5592
5599
5603
5612
5623
5640
5657
5664
5674
5680
5695
5701
5709
5726
5736
5751
5759
5769
5780
5792
5798
5806
5822
5831
5838
5852
5863
5870
5873
5891
5903
5906
5917
5932
5945
5955
5964
5967
5984
5996
6003
6013
6029
6033
6037
6052
6063
6073
6085
6096
6105
6115
6122
6139
6146
6153
6162
6176
6188
6197
6208
6224
6227
6230
6238
6255
6267
6279
6291
6304
6314
6318
6338
6348
6352
6364
6371
6389
6401
6407
6417
6427
6439
6447
6458
6470
6478
6482
6495
6505
6520
6529
6541
6547
6560
6576
6581
6588
6601
6613
6621
6624
6634
6652
6663
6673
6682
6692
6705
6708
6723
6732
6741
6744
6749
6759
6771
6792
6803
6812
6823
6836
6844
6853
6861
6874
6880
6895
6905
6917
6927
6941
6945
6948
6951
6960
6986
6994
7001
7008
7025
7035
7049
7054
7062
7072
7093
7105
7109
7116
7132
7152
7165
7172
7184
7199
7206
7217
7220
7236
7249
7255
7259
7271
7288
7303
7311
7318
7330
7341
7349
7359
7374
7377
7383
7400
7413
7420
7430
7443
7450
7457
7463
7474
7486
7498
7510
7519
7530
7533
7549
7561
7565
7572
7580
7591
7607
7617
7625
7629
7642
7661
7669
7678
7692
7702
7706
7726
7737
7744
7756
7770
7782
7786
7801
7809
7823
7833
7839
7851
7863
7873
7885
7888
7902
7919
7926
7936
7946
7959
7966
7977
7987
7994
7997
8003
8028
8040
8047
8057
8070
8075
8079
8088
8106
8119
8128
8131
8143
8155
8168
8175
8178
8196
8201
8216
8225
8237
8247
8255
8266
8276
8290
8293
8297
8312
8326
8333
8340
8349
8356
8372
8386
8393
8405
8413
8425
8435
8448
8454
8457
8473
8484
8488
8493
8505
8510
8527
8533
8546
8551
8563
8569
8579
8585
8589
8597
8621
8635
8638
8648
8662
8674
8686
8692
8706
8712
8730
8745
8758
8764
8780
8795
8805
8811
8815
8820
8835
8846
8862
8870
8880
8894
8907
8912
8916
8930
8947
8953
8959
8972
8985
8993
9002
9014
9022
9032
9045
9052
9062
9073
9077
9088
9096
9106
9114
9119
9124
9142
9155
9164
9175
9191
9199
9211
9222
9227
9234
9241
9250
9267
9278
9290
9297
9309
9326
9335
9344
9347
9358
9369
9378
9390
9398
9408
9420
9426
9437
9450
9462
9465
9475
9490
9501
9508
9518
9531
9539
9550
9561
9571
9578
9591
9601
9605
9617
9630
9642
9649
9659
9670
9678
9685
9696
9700
9705
9717
9739
9750
9757
9767
9777
9785
9791
9799
9816
9825
9832
9839
9854
9868
9873
9877
9893
9901
9917
9930
9942
9948
9958
9967
9977
9990
10003
10008
10018
10037
10051
10059
10070
10081
10088
10100
10111
10121
10132
10142
10149
10160
10167
10177
10180
10196
10208
10218
10226
10236
10248
10254
10263
10272
10281
10286
10302
10315
10328
10337
10349
10356
10360
10367
10385
10403
10411
10421
10428
10440
10450
10459
10468
10480
10486
10497
10502
10510
10518
10528
10532
10549
10563
10568
10576
10589
10599
10610
10613
10629
10640
10646
10656
10669
10676
10688
10696
10709
10720
10725
10728
10741
10757
10761
10768
10777
10790
10800
10808
10815
10824
10829
10838
10855
10867
10874
10881
10893
10905
10914
10924
10935
10940
10952
10965
10979
10986
10997
11014
11018
11022
11036
11051
11059
11069
11081
11090
11098
11110
11119
11131
11140
11151
11161
11170
11179
11187
11200
11205
11214
11227
11239
11251
11258
11262
11280
11291
11300
11310
11322
11329
11333
11340
11357
11370
11382
11385
11400
11412
11420
11424
11431
11440
11459
11470
11480
11484
11499
11513
11521
11525
11538
11554
11560
11570
11576
11585
11593
11602
11620
11627
11634
11643
11649
11666
11680
11689
11693
11710
11721
11732
11743
11756
11759
11770
11785
11791
11800
11816
11824
11828
11842
11858
11863
11867
11880
11896
11906
11917
11928
11956
11966
11975
11979
11992
12000
12016
12020
12037
12048
12060
12070
12078
12089
12102
12113
12119
12122
12136
12155
12161
12168
12178
12190
12205
12208
12214
12218
12236
12245
12260
12264
12280
12287
12295
12304
12318
12326
12338
12346
12353
12362
12375
12384
12394
12406
12418
12427
12436
12445
12455
12462
12474
12477
12492
12507
12512
12522
12537
12542
12546
12560
12574
12581
12591
12597
12608
12611
12615
12623
12638
12660
12672
12679
12690
12702
12709
12715
12730
12740
12751
12760
12766
12777
12791
12807
12813
12826
12837
12844
12854
12861
12868
12877
12890
12901
12911
12922
12931
12941
12951
12962
12969
12980
12988
12999
13003
13010
13024
13038
13050
13053
13065
13077
13086
13095
13098
13101
13111
13135
13143
13147
13160
13178
13192
13197
13206
13211
13230
13240
13252
13262
13271
13281
13291
13302
13311
13323
13332
13343
13354
13360
13370
13383
13386
13393
13405
13419
13431
13439
13449
13460
13463
13475
13486
13498
13502
13513
13527
13537
13546
13558
13573
13585
13594
13608
13627
13642
13655
13672
13677
13685
13697
13715
13729
13737
13757
13762
13781
13818
13828
13833
13850
13862
13872
13890
13904
13913
13928
13940
13948
13958
13963
13976
13985
13995
14005
14014
14025
14033
14039
14049
14061
14073
14080
14092
14096
14106
14122
14132
14142
14145
14161
14173
14179
14183
14195
14213
14222
14227
14238
14249
14256
14268
14277
14288
14291
14298
14312
14325
14331
14341
14346
14362
14372
14382
14385
14394
14405
14424
14433
14441
14452
14464
14471
14483
14497
14501
14511
14526
14534
14546
14555
14564
14574
14589
14592
14597
14600
14611
14630
14642
14651
14663
14670
14679
14691
14704
14714
14723
14732
14739
14746
14755
14767
14779
14782
14785
14793
14804
14823
14832
14837
14847
14860
14874
14878
14882
14896
14914
14918
14922
14935
14951
14957
14970
14979
14986
14993
15013
15039
15053
15062
15081
15088
15112
15118
15128
15133
15145
15166
15177
15181
15192
15206
15220
15224
15228
15240
15263
15273
15280
15289
15301
15304
15314
15322
15335
15345
15357
15369
15375
15387
15399
15405
15417
15427
15438
15441
15457
15468
15475
15486
15497
15503
15515
15526
15533
15544
15556
15569
15575
15585
15597
15604
15617
15631
15636
15643
15652
15666
15677
15684
15687
15703
15718
15721
15724
15738
15743
15761
15766
15779
15788
15797
15809
15817
15825
15837
15842
15853
15865
15877
15884
15888
15906
15915
15919
15926
15943
15956
15963
15966
15975
15992
16003
16009
16017
16029
16040
16050
16053
16069
16081
16084
16100
16109
16116
16127
16139
16149
16158
16167
16178
16182
16192
16210
16219
16227
16240
16250
16255
16266
16278
16287
16297
16301
16306
16318
16339
16352
16355
16368
16377
16386
16399
16410
16418
16428
16440
16446
16456
16465
16474
16485
16498
16501
16506
16522
16532
16542
16552
16564
16567
16578
16590
16594
16602
16606
16613
16628
16638
16654
16662
16673
16677
16693
16701
16716
16733
16742
16756
16766
16772
16783
16797
16801
16816
16827
16838
16844
16854
16863
16871
16881
16894
16899
16909
16923
16928
16936
16948
16954
16960
16973
16984
16991
17004
17016
17024
17028
17040
17053
17063
17071
17081
17090
17101
17106
17113
17125
17138
17146
17157
17160
17170
17181
17193
17202
17211
17220
17233
17245
17253
17263
17275
17278
17282
17286
17303
17324
17334
17342
17349
17352
17361
17378
17387
17399
17404
17414
17427
17437
17444
17454
17468
17471
17475
17480
17492
17514
17526
17533
17543
17556
17561
17564
17567
17571
17590
17601
17618
17628
17639
17642
17655
17670
17680
17691
17703
17708
17722
17734
17741
17752
17766
17769
17774
17787
17805
17810
17814
17821
17838
17855
17858
17862
17876
17887
17900
17910
17920
17927
17937
17947
17955
17961
17966
17976
17992
18003
18008
18018
18030
18045
18051
18055
18068
18083
18088
18095
18100
18113
18125
18133
18137
18149
18167
18173
18186
18195
18203
18213
18224
18231
18243
18252
18261
18273
18282
18285
18302
18313
18317
18330
18346
18356
18360
18372
18386
18396
18405
18415
18426
18434
18438
18456
18466
18475
18485
18495
18503
18513
18523
18537
18544
18547
18554
18566
18582
18593
18596
18606
18612
18628
18637
18643
18646
18651
18657
18682
18693
18700
18709
18719
18732
18742
18752
18757
18772
18790
18799
18809
18820
18828
18832
18843
18851
18855
18871
18885
18892
18899
18908
18921
18935
18938
18950
18966
18971
18978
18990
19002
19006
19016
19031
19040
19050
19059
19068
19078
19090
19097
19106
19119
19125
19129
19144
19159
19165
19175
19185
19190
19197
19212
19227
19232
19235
19244
19263
19271
19282
19292
19304
19310
19326
19343
19349
19359
19370
19379
19389
19400
19407
19417
19428
19433
19437
19441
19456
19473
19484
19487
19498
19509
19520
19526
19531
19543
19558
19570
19577
19587
19595
19604
19608
19627
19632
19647
19655
19662
19672
19684
19693
19703
19718
19721
19726
19735
19753
19765
19771
19781
19791
19798
19809
19816
19827
19835
19847
19858
19865
19872
19880
19886
19899
19912
19918
19923
19930
19952
19964
19971
19982
19994
19998
20004
20008
20016
20034
20052
20063
20070
20080
20090
20101
20104
20111
20120
20135
20147
20155
20159
20175
20183
20195
20202
20212
20224
20231
20235
20248
20263
20268
20275
20284
20292
20300
20306
20310
20316
20323
20346
20370
20376
20385
20393
20404
20415
20425
20433
20442
20449
20455
20461
20475
20487
20493
20504
20519
20525
20535
20545
20555
20560
20571
20586
20596
20606
20622
20634
20640
20651
20663
20677
20684
20691
20702
20714
20721
20725
20737
20749
20761
20768
20780
20785
20796
20808
20817
20820
20836
20848
20851
20864
20877
20880
20883
20899
20915
20920
20927
20937
20949
20963
20968
20970
20973
20977
20997
21009
21025
21034
21042
21052
21068
21072
21076
21092
21105
21112
21122
21135
21142
21152
21167
21170
21174
21186
21201
21209
21216
21225
21238
21253
21259
21263
21270
21286
21301
21307
21317
21328
21331
21342
21357
21365
21373
21386
21400
21406
21413
21420
21437
21449
21457
21464
21468
21483
21490
21517
21526
21546
21556
21566
21576
21590
21599
21607
21617
21629
21638
21648
21657
21663
21674
21689
21701
21710
21719
21723
21741
21753
21761
21771
21785
21790
21800
21815
21821
21831
21839
21848
21858
21867
21876
21882
21891
21906
21921
21927
21937
21949
21952
21964
21979
21985
21996
22012
22017
22024
22033
22046
22054
22065
22077
22085
22093
22101
22114
22123
22132
22142
22153
22161
22164
22175
22184
22197
22211
22216
22223
22231
22237
22249
22261
22270
22279
22290
22300
22310
22322
22328
22338
22346
22354
22361
22370
22381
22396
22408
22413
22424
22434
22440
22454
22467
22473
22482
22495
22501
22512
22526
22538
22544
22554
22562
22572
22589
22595
22607
22616
22629
22635
22638
22650
22656
22672
22685
22695
22704
22714
22724
22733
22743
22757
22762
22767
22786
22797
22800
22811
22823
22834
22841
22845
22861
22870
22878
22891
22901
22906
22916
22928
22942
22946
22952
22956
22963
22975
22998
23010
23013
23023
23036
23050
23054
23064
23073
23082
23093
23098
23108
23122
23134
23153
23164
23174
23177
23193
23206
23213
23223
23231
23241
23253
23265
23276
23284
23294
23297
23313
23324
23328
23338
23353
23363
23374
23379
23386
23399
23412
23424
23430
23440
23457
23460
23464
23469
23483
23505
23517
23523
23533
23548
23554
23563
23575
23584
23595
23606
23613
23623
23635
23638
23653
23659
23666
23680
23692
23700
23711
23724
23731
23742
23754
23761
23773
23782
23794
23798
23810
23823
23834
23837
23848
23862
23873
23882
23890
23900
23909
23918
23929
23938
23947
23950
23959
23970
23982
23999
24010
24017
24027
24036
24050
24058
24070
24080
24083
24100
24111
24118
24128
24138
24147
24151
24155
24171
24191
24201
24207
24217
24227
24241
24245
24250
24254
24270
24285
24292
24299
24309
24321
24331
24342
24349
24353
24369
24387
24401
24411
24420
24428
24437
24447
24456
24464
24474
24483
24493
24503
24510
24513
24522
24531
24549
24559
24568
24577
24587
24599
24602
24612
24625
24639
24642
24646
24659
24677
24684
24694
24703
24712
24723
24730
24746
24754
24759
24779
24790
24797
24807
24815
24826
24830
24842
24851
24856
24876
24889
24896
24906
24918
24924
24936
24945
24956
24962
24975
24985
24996
25003
25015
25030
25038
25046
25056
25065
25078
25082
25098
25109
25117
25120
25139
25148
25152
25166
25174
25183
25193
25206
25215
25222
25232
25247
25253
25265
25271
25287
25295
25302
25313
25318
25328
25347
25358
25367
25372
25382
25396
25407
25414
25424
25435
25443
25453
25468
25473
25481
25493
25503
25513
25519
25531
25543
25553
25562
25573
25584
25591
25601
25613
25620
25623
25635
25644
25648
25667
25680
25687
25690
25707
25720
25727
25731
25745
25757
25765
25772
25782
25794
25806
25809
25819
25834
25840
25847
25861
25869
25876
25889
25902
25916
25922
25928
25933
25946
25961
25972
25983
26000
26008
26012
26025
26041
26046
26057
26072
26077
26084
26094
26106
26120
26125
26128
26132
26149
26168
26174
26178
26185
26201
26211
26224
26233
26245
26253
26257
26273
26285
26288
26295
26310
26325
26331
26335
26350
26362
26372
26382
26395
26408
26411
26427
26436
26447
26456
26464
26474
26486
26493
26503
26512
26520
26526
26534
26553
26564
26570
26581
26593
26598
26602
26616
26627
26638
26648
26662
26667
26674
26684
26692
26706
26713
26726
26733
26751
26757
26772
26782
26794
26801
26810
26824
26827
26834
26849
26862
26868
26879
26889
26896
26907
26921
26925
26930
26933
26945
26967
26980
26986
26996
27010
27015
27018
27027
27036
27054
27064
27073
27083
27094
27098
27109
27123
27131
27137
27154
27165
27172
27182
27195
27198
27205
27217
27227
27241
27252
27261
27264
27279
27291
27298
27302
27319
27330
27339
27344
27354
27366
27375
27385
27395
27408
27412
27416
27429
27446
27452
27456
27468
27481
27494
27502
27505
27512
27525
27533
27553
27571
27581
27585
27600
27612
27625
27628
27645
27658
27665
27670
27686
27694
27702
27708
27716
27728
27734
27748
27765
27771
27778
27786
27798
27808
27817
27824
27828
27840
27855
27864
27873
27876
27894
27908
27911
27916
27929
27935
27954
27963
27969
27976
27983
27993
28011
28024
28030
28037
28050
28063
28075
28081
28085
28104
28113
28117
28130
28142
28148
28161
28172
28180
28190
28196
28204
28215
28229
28237
28247
28253
28265
28270
28283
28295
28304
28315
28324
28333
28344
28352
28363
28372
28388
28394
28398
28412
28427
28434
28444
28447
28463
28475
28478
28488
28497
28510
28520
28536
28541
28548
28557
28570
28579
28586
28592
28599
28612
28628
28635
28642
28651
28664
28678
28684
28691
28701
28714
28722
28729
28738
28750
28761
28768
28781
28790
28798
28812
28824
28831
28842
28854
28861
28864
28883
28891
28903
28912
28921
28931
28943
28949
28960
28969
28981
28984
28992
29001
29017
29029
29038
29041
29056
29071
29080
29097
29112
29117
29120
29133
29147
29152
29159
29167
29173
29185
29199
29211
29216
29228
29233
29249
29260
29263
29274
29282
29292
29299
29316
29330
29336
29346
29353
29358
29371
29385
29396
29406
29415
29425
29435
29445
29455
29469
29473
29480
29493
29510
29515
29519
29533
29549
29555
29559
29572
29591
29600
29610
29619
29624
29639
29653
29661
29671
29675
29687
29698
29712
29727
29732
29737
29751
29763
29772
29780
29784
29789
29804
29823
29829
29836
29844
29856
29864
29877
29887
29899
29909
29922
29927
29934
29943
29955
29967
29979
29986
29997
30006
30021
30025
30042
30052
30061
30072
30086
30091
30102
30117
30123
30130
30135
30148
30161
30169
30181
30190
30201
30211
30220
30229
30238
30248
30251
30267
30280
30285
30297
30309
30322
30329
30335
30346
30357
30363
30377
30391
30395
30402
30409
30422
30437
30449
30456
30459
30469
30488
30502
30518
30529
30537
30546
30556
30568
30575
30578
30596
30604
30618
30628
30636
30639
30648
30665
30674
30682
30685
30688
30698
30719
30730
30740
30751
30763
30770
30782
30792
30804
30813
30821
30831
30843
30850
30853
30869
30883
30888
30893
30905
30919
30927
30939
30942
30957
30970
30978
30986
30995
31007
31020
31023
31036
31044
31054
31066
31078
31085
31089
31103
31114
31128
31138
31150
31157
31168
31184
31189
31193
31207
31225
31230
31237
31247
31259
31274
31277
31280
31284
31303
31320
31326
31337
31345
31355
31367
31380
31383
31388
31401
31420
31425
31432
31437
31451
31464
31472
31478
31493
31508
31513
31521
31530
31541
31550
31560
31570
31580
31588
31600
31608
31618
31629
31635
31646
31655
31664
31667
31672
31677
31705
31716
31726
31736
31749
31756
31768
31779
31787
31797
31808
31814
31824
31836
31843
31853
31867
31871
31875
31879
31894
31904
31921
31932
31938
31948
31960
31966
31970
31975
31984
32007
32019
32026
32029
32046
32059
32064
32068
32082
32099
32105
32112
32127
32140
32151
32164
32175
32181
32194
32203
32212
32216
32232
32242
32249
32263
32276
32283
32293
32305
32308
32321
32329
32339
32342
32361
32370
32381
32386
32393
32406
32419
32430
32434
32445
32459
32472
32475
32482
32496
32507
32516
32526
32538
32544
32548
32563
32569
32577
32586
32606
32617
32624
32634
32645
32653
32658
32662
32670
32696
32711
32718
32728
32741
32748
32760
32773
32782
32793
32805
32812
32815
32831
32839
32849
32861
32872
32882
32891
32900
32910
32922
32925
32938
32947
32958
32961
32969
32972
32986
33003
33015
33022
33032
33041
33053
33062
33074
33079
33090
33103
33111
33122
33132
33148
33153
33156
33165
33179
33191
33199
33212
33223
33230
33241
33253
33258
33263
33267
33285
33296
33303
33311
33323
33339
33342
33353
33364
33373
33384
33395
33402
33412
33425
33431
33443
33456
33460
33472
33483
33493
33496
33512
33521
33530
33534
33552
33563
33572
33581
33591
33603
33609
33619
33632
33639
33647
33651
33664
33678
33692
33695
33709
33719
33730
33744
33754
33765
33775
33787
33794
33803
33812
33820
33831
33845
33850
33860
33875
33881
33888
33897
33910
33922
33925
33935
33949
33955
33966
33985
33997
34008
34011
34026
34040
34047
34051
34065
34079
34085
34092
34098
34114
34125
34129
34140
34155
34161
34172
34185
34195
34202
34212
34224
34231
34243
34257
34260
34271
34283
34291
34301
34312
34324
34327
34334
34350
34365
34374
34378
34395
34408
34414
34424
34437
34444
34452
34456
34469
34483
34496
34502
34512
34520
34530
34534
34554
34560
34570
34576
34593
34604
34611
34621
34630
34640
34644
34649
34667
34679
34687
34697
34709
34720
34727
34731
34749
34760
34763
34772
34789
34797
34807
34817
34831
34835
34841
34849
34858
34872
34884
34893
34896
34912
34921
34930
34936
34940
34957
34975
34981
34991
34999
35010
35017
35026
35038
35050
35067
35076
35086
35095
35104
35115
35125
35136
35140
35147
35161
35175
35182
35189
35194
35208
35220
35228
35235
35239
35257
35274
35280
35289
35300
35308
35318
35328
35334
35337
35342
35357
35376
35385
35395
35402
35413
35427
35432
35443
35458
35463
35467
35481
35496
35505
35516
35521
35532
35545
35556
35560
35570
35582
35593
35602
35611
35623
35630
35641
35654
35665
35671
35675
35691
35703
35710
35722
35732
35736
35751
35767
35773
35781
35792
35805
35813
35825
35834
35845
35855
35862
35873
35883
35895
35910
35924
35939
35943
35958
35974
35993
36003
36015
36018
36030
36038
36045
36057
36064
36072
36086
36105
36117
36120
36131
36143
36156
36159
36164
36168
36188
36198
36208
36217
36226
36236
36251
36254
36259
36278
36285
36296
36305
36313
36323
36338
36344
36352
36362
36377
36383
36391
36404
36415
36423
36432
36444
36448
36464
36476
36485
36495
36507
36510
36522
36534
36542
36548
36555
36559
36581
36594
36597
36607
36620
36634
36640
36649
36660
36669
36679
36687
36697
36700
36712
36730
36742
36750
36754
36768
36782
36792
36800
36809
36821
36827
36840
36851
36861
36872
36875
36882
36896
36908
36917
36927
36943
36947
36951
36968
36982
36988
36998
37008
37015
37026
37037
37044
37053
37068
37074
37081
37090
37102
37114
37117
37124
37142
37153
37164
37176
37182
37192
37205
37210
37217
37222
37238
37251
37261
37270
37277
37284
37294
37305
37314
37317
37333
37347
37359
37372
37383
37391
37401
37412
37418
37428
37437
37446
37455
37467
37474
37485
37488
37500
37526
37547
37557
37572
37585
37600
37609
37624
37633
37641
37652
37664
37672
37677
37682
37704
37718
37725
37728
37743
37757
37761
37767
37776
37785
37789
37809
37826
37833
37839
37852
37865
37872
37882
37894
37903
37913
37922
37931
37941
37950
37959
37962
37971
37990
37998
38008
38017
38026
38037
38052
38058
38066
38077
38086
38097
38108
38115
38125
38137
38143
38151
38162
38176
38186
38194
38201
38206
38219
38232
38241
38244
38259
38268
38284
38291
38295
38301
38318
38332
38335
38346
38354
38368
38377
38385
38398
38404
38421
38433
38436
38443
38459
38473
38485
38494
38500
38510
38522
38527
38534
38543
38555
38562
38570
38582
38593
38600
38608
38619
38624
38633
38645
38654
38665
38676
38685
38696
38707
38714
38725
38739
38742
38746
38759
38773
38781
38785
38797
38810
38822
38830
38837
38848
38860
38869
38872
38885
38899
38903
38911
38920
38929
38937
38945
38967
38983
38990
39003
39015
39022
39028
39039
39042
39046
39062
39075
39087
39097
39109
39114
39118
39131
39141
39155
39168
39173
39184
39197
39207
39217
39221
39233
39245
39260
39272
39275
39285
39298
39309
39316
39327
39336
39343
39356
39369
39382
39388
39391
39407
39420
39427
39431
39445
39460
39466
39476
39481
39488
39497
39504
39520
39535
39545
39549
39558
39575
39583
39593
39603
39619
39622
39627
39636
39647
39657
39670
39684
39689
39696
39706
39721
39730
39737
39750
39762
39768
39778
39789
39796
39799
39814
39823
39831
39844
39853
39863
39871
39878
39890
39903
39916
39919
39924
39936
39951
39958
39965
39970
39984
39995
40007
40015
40028
40047
40053
40057
40069
40075
40092
40106
40112
40120
40130
40138
40150
40159
40168
40178
40186
40195
40199
40216
40225
40233
40246
40255
40265
40275
40286
40289
40300
40314
40322
40335
40342
40353
40363
40375
40381
40385
40405
40414
40421
40434
40445
40452
40455
40470
40480
40485
40492
40508
40514
40526
40540
40546
40556
40566
40585
40601
40607
40610
40615
40619
40623
40628
40632
40663
40682
40685
40695
40710
40721
40732
40743
40750
40762
40770
40778
40787
40794
40812
40816
40832
40844
40847
40853
40867
40878
40888
40900
40910
40917
40927
40940
40948
40959
40968
40977
40987
41001
41004
41007
41011
41026
41044
41056
41062
41072
41081
41093
41102
41115
41124
41134
41142
41152
41162
41174
41179
41183
41198
41205
41219
41230
41239
41249
41262
41267
41275
41283
41298
41309
41318
41324
41335
41340
41356
41368
41374
41378
41390
41405
41416
41425
41428
41440
41453
41464
41467
41477
41485
41496
41510
41522
41532
41535
41548
41560
41569
41581
41590
41601
41610
41620
41633
41640
41650
41662
41665
41677
41691
41702
41705
41722
41732
41741
41745
41761
41770
41782
41791
41802
41805
41821
41829
41835
41846
41858
41870
41873
41880
41888
41895
41907
41918
41931
41947
41959
41966
41969
41986
41997
42007
42016
42026
42037
42044
42054
42067
42074
42078
42091
42101
42113
42116
42125
42142
42150
42157
42167
42181
42193
42202
42211
42221
42233
42240
42250
42263
42270
42274
42289
42304
42310
42313
42327
42336
42343
42355
42362
42378
42382
42398
42410
42416
42431
42451
42458
42462
42476
42491
42495
42499
42513
42524
42538
42547
42556
42567
42581
42584
42596
42611
42617
42627
42633
42646
42652
42659
42673
42690
42701
42711
42723
42730
42733
42748
42756
42768
42778
42781
42791
42795
42811
42828
42838
42848
42855
42858
42869
42887
42896
42904
42915
42927
42933
42943
42951
42962
42973
42983
42993
43002
43007
43021
43029
43039
43050
43059
43070
43078
43082
43090
43107
43119
43127
43138
43149
43156
43160
43172
43188
43199
43208
43218
43226
43237
43247
43261
43265
43268
43272
43281
43302
43313
43323
43332
43341
43352
43364
43372
43385
43395
43402
43412
43417
43430
43438
43448
43451
43462
43471
43483
43491
43503
43513
43524
43530
43541
43557
43560
43570
43585
43591
43598
43607
43620
43632
43638
43645
43653
43665
43681
43689
43696
43705
43719
43730
43738
43750
43758
43766
43774
43778
43793
43808
43813
43821
43831
43837
43848
43863
43874
43883
43886
43902
43914
43921
43932
43948
43953
43965
43974
43988
43998
44015
44023
44039
44048
44059
44065
44069
44083
44095
44103
44107
44124
44135
44143
44155
44170
44177
44180
44196
44209
44213
44224
44236
44249
44253
44260
44274
44289
44294
44299
44311
44324
44332
44343
44353
44360
44371
44383
44392
44402
44410
44420
44424
44440
44453
44457
44461
44465
44481
44498
44510
44513
44524
44535
44547
44553
44557
44572
44583
44596
44606
44619
44622
44636
44650
44654
44658
44675
44689
44695
44699
44717
44728
44735
44747
44756
44764
44774
44779
44795
44808
44814
44821
44826
44833
44851
44863
44875
44880
44890
44896
44912
44920
44930
44942
44957
44967
44977
44983
44993
45004
45013
45022
45030
45045
45062
45073
45084
45091
45098
45108
45121
45132
45139
45151
45161
45169
45178
45192
45201
45210
45220
45229
45239
45251
45257
45265
45279
45287
45299
45303
45312
45330
45343
45347
45352
45356
45371
45393
45407
45415
45424
45436
45445
45457
45461
45476
45491
45498
45507
45516
45525
45536
45546
45554
45561
45569
45582
45598
45610
45619
45626
45636
45645
45654
45660
45665
45671
45690
45703
45710
45713
45729
45743
45747
45753
45768
45778
45791
45801
45813
45820
45823
45839
45853
45857
45862
45873
45887
45900
45905
45912
45921
45933
45944
45951
45955
45968
45982
45994
46001
46011
46024
46027
46040
46052
46057
46062
46074
46085
46097
46107
46118
46121
46127
46135
46151
46162
46172
46181
46186
46192
46205
46217
46226
46229
46236
46240
46258
46274
46277
46283
46290
46305
46317
46327
46331
46344
46359
46370
46377
46387
46395
46402
46412
46421
46439
46445
46453
46465
46479
46493
46499
46509
46523
46526
46531
46545
46562
46571
46580
46588
46591
46607
46621
46626
46648
46663
46669
46676
46685
46698
46709
46716
46728
46735
46742
46757
46773
46778
46785
46795
46807
46821
46827
46834
46838
46847
46866
46878
46884
46894
46902
46914
46925
46932
46939
46946
46955
46972
46983
46993
46996
47012
47024
47031
47034
47047
47063
47070
47074
47088
47102
47108
47116
47123
47134
47146
47152
47166
47179
47186
47198
47208
47216
47223
47231
47245
47259
47266
47270
47284
47299
47305
47312
47320
47331
47338
47353
47366
47374
47384
47395
47402
47405
47417
47433
47445
47454
47464
47476
47483
47487
47502
47514
47520
47525
47537
47554
47565
47574
47577
47583
47596
47611
47618
47622
47639
47654
47661
47664
47678
47690
47705
47712
47719
47730
47736
47752
47761
47770
47774
47789
47803
47806
47809
47812
47820
47836
47848
47861
47870
47879
47893
47914
47918
47925
47940
47948
47962
47971
47980
47990
48004
48011
48015
48029
48044
48049
48057
48066
48079
48093
48099
48103
48120
48124
48138
48154
48159
48166
48177
48190
48200
48208
48211
48214
48223
48245
48255
48265
48274
48285
48290
48298
48312
48326
48335
48344
48354
48359
48373
48382
48391
48403
48412
48416
48423
48432
48450
48462
48468
48478
48490
48493
48499
48508
48525
48532
48539
48545
48558
48566
48578
48589
48595
48601
48614
48627
48634
48638
48651
48666
48671
48675
48690
48704
48715
48725
48736
48748
48751
48763
48776
48787
48794
48799
48813
48831
48836
48840
48854
48870
48876
48888
48898
48909
48918
48923
48934
48946
48958
48964
48974
48985
48991
48997
49000
49021
49036
49042
49052
49064
49070
49084
49096
49103
49113
49123
49133
49143
49154
49161
49165
49184
49192
49196
49209
49224
49231
49240
49243
49259
49275
49281
49289
49297
49310
49320
49329
49339
49344
49357
49368
49374
49384
49397
49407
49416
49425
49436
49439
49450
49473
49484
49492
49504
49510
49521
49532
49538
49548
49554
49573
49586
49591
49596
49609
49625
49636
49642
49652
49665
49672
49684
49687
49699
49715
49722
49729
49738
49750
49762
49769
49773
49790
49798
49807
49814
49823
49830
49846
49858
49867
49879
49889
49898
49911
49920
49923
49932
49950
49961
49968
49980
49988
49998
50010
50021
50034
50041
50055
50064
50073
50085
50094
50098
50106
50123
50140
50150
50160
50163
50169
50183
50197
50209
50218
50226
50238
50248
50255
50265
50279
50286
50292
50296
50305
50312
50323
50340
50352
50361
50365
50386
50396
50404
50409
50424
50437
50446
50457
50465
50476
50483
50498
50509
50517
50527
50531
50547
50558
50567
50570
50589
50599
50609
50615
50627
50637
50646
50657
50669
50672
50683
50691
50707
50719
50728
50738
50750
50756
50763
50773
50779
50794
50805
50818
50825
50837
50846
50851
50861
50874
50886
50893
50897
50914
50928
50931
50945
50957
50964
50975
50988
50993
51003
51018
51024
51028
51041
51050
51064
51074
51085
51091
51102
51115
51127
51132
51150
51162
51173
51176
51188
51202
51209
51215
51222
51232
51248
51258
51264
51274
51288
51297
51307
51318
51329
51336
51347
51359
51366
51376
51388
51397
51405
51414
51424
51435
51444
51447
51463
51474
51482
51486
51500
51505
51520
51526
51534
51546
51558
51566
51580
51587
51597
51609
51617
51627
51637
51646
51656
51664
51675
51679
51681
51685
51687
51690
51697
51724
51752
51759
51766
51778
51788
51792
51801
51817
51829
51836
51839
51856
51871
51875
51887
51898
51908
51919
51931
51941
51945
51957
51973
51980
51989
51998
52015
52025
52034
52044
52057
52064
52067
52084
52093
52105
52111
52122
52134
52148
52159
52166
52179
52188
52196
52213
52224
52231
52234
52251
52263
52270
52282
52291
52296
52309
52324
52333
52344
52351
52361
52368
52372
52381
52396
52410
52418
52429
52442
52453
52460
52470
52484
52488
52499
52514
52520
52527
52540
52551
52558
52569
52583
52587
52590
52595
52610
52627
52638
52645
52656
52666
52676
52683
52696
52713
52722
52732
52735
52751
52774
52780
52788
52795
52806
52821
52830
52840
52851
52857
52868
52877
52888
52895
52899
52912
52926
52937
52940
52951
52963
52971
52975
52987
52996
53011
53026
53032
53042
53052
53061
53072
53085
53089
53094
53105
53120
53128
53132
53143
53156
53166
53174
53181
53189
53206
53214
53224
53234
53242
53253
53269
53275
53279
53286
53302
53317
53323
53333
53345
53352
53364
53377
53383
53386
53395
53404
53423
53435
53438
53448
53461
53475
53478
53481
53486
53500
53519
53530
53537
53547
53562
53569
53579
53587
53594
53608
53621
53634
53637
53647
53660
53675
53678
53683
53697
53708
53721
53732
53742
53750
53753
53762
53772
53781
53788
53804
53817
53824
53834
53842
53849
53857
53864
53877
53891
53899
53908
53918
53926
53933
53943
53958
53966
53977
53981
53996
54004
54013
54017
54029
54041
54055
54059
54070
54085
54090
54094
54108
54124
54130
54140
54147
54162
54170
54183
54195
54208
54223
54229
54243
54253
54261
54268
54279
54294
54302
54312
54321
54330
54340
54351
54362
54365
54379
54392
54400
54404
54418
54434
54440
54451
54463
54473
54483
54493
54502
54512
54523
54530
54541
54550
54561
54564
54573
54587
54601
54604
54620
54628
54639
54650
54662
54667
54670
54674
54691
54711
54717
54727
54736
54745
54758
54773
54778
54782
54796
54806
54819
54828
54837
54848
54863
54867
54877
54889
54896
54900
54907
54923
54936
54939
54950
54958
54968
54982
54994
55003
55013
55025
55035
55043
55059
55073
55080
55092
55106
55117
55124
55135
55148
55151
55162
55170
55180
55195
55208
55216
55220
55227
55236
55255
55269
55272
55276
55281
55294
55316
55328
55336
55341
55355
55362
55376
55388
55393
55405
55414
55424
55433
55444
55450
55460
55471
55475
55489
55504
55510
55517
55526
55538
55546
55558
55566
55578
55587
55598
55609
55612
55622
55635
55644
55655
55662
55673
55685
55694
55701
55711
55723
55735
55742
55745
55761
55765
55779
55795
55800
55807
55816
55829
55843
55850
55857
55870
55882
55899
55910
55920
55932
55938
55950
55962
55968
55971
55976
55998
56012
56018
56028
56041
56048
56059
56069
56080
56090
56098
56108
56119
56126
56136
56145
56153
56159
56163
56180
56189
56201
56211
56217
56227
56243
56254
56260
56263
56278
56296
56303
56307
56321
56330
56342
56354
56368
56378
56388
56399
56407
56417
56426
56430
56445
56460
56465
56476
56490
56495
56500
56509
56523
56534
56545
56557
56566
56570
56585
56600
56607
56617
56626
56635
56646
56660
56665
56675
56690
56696
56700
56713
56729
56736
56743
56751
56771
56782
56788
56802
56808
56822
56830
56840
56851
56862
56869
56881
56896
56906
56914
56921
56924
56934
56950
56961
56968
56974
56985
57000
57011
57015
57021
57034
57045
57057
57064
57069
57086
57100
57106
57109
57124
57135
57143
57147
57159
57173
57186
57194
57198
57213
57226
57233
57236
57254
57262
57266
57281
57291
57303
57313
57324
57331
57337
57350
57353
57362
57377
57391
57396
57404
57413
57425
57435
57446
57455
57464
57479
57485
57496
57501
57514
57524
57529
57541
57549
57561
57572
57588
57592
57599
57608
57621
57635
57643
57654
57675
57686
57696
57707
57715
57725
57735
57743
57756
57759
57766
57776
57792
57805
57812
57819
57825
57839
57851
57858
57865
57879
57893
57906
57909
57921
57934
57941
57945
57954
57967
57980
57997
58003
58013
58022
58028
58039
58046
58059
58068
58081
58096
58103
58113
58125
58128
58139
58154
58162
58170
58184
58198
58202
58212
58218
58235
58248
58252
58258
58266
58284
58291
58298
58308
58314
58324
58342
58358
58362
58367
58380
58395
58406
58409
58420
58433
58441
58453
58458
58463
58477
58489
58501
58512
58520
58530
58541
58556
58560
58570
58576
58591
58604
58609
58616
58625
58637
58652
58657
58667
58681
58686
58689
58703
58720
58725
58729
58743
58760
58765
58775
58787
58796
58806
58809
58825
58833
58845
58852
58863
58869
58885
58894
58902
58906
58919
58932
58946
58951
58955
58968
58976
58993
59004
59010
59014
59030
59044
59047
59052
59068
59079
59089
59100
59111
59118
59129
59146
59151
59161
59176
59181
59185
59198
59213
59219
59223
59236
59251
59257
59269
59280
59289
59299
59311
59319
59340
59355
59359
59363
59376
59394
59399
59406
59411
59424
59435
59444
59451
59455
59459
59476
59496
59501
59508
59518
59531
59545
59549
59560
59576
59580
59587
59596
59602
59616
59627
59639
59645
59654
59669
59676
59680
59694
59708
59716
59725
59732
59740
59750
59754
59774
59784
59794
59804
59817
59824
59836
59846
59853
59864
59876
59888
59894
59906
59914
59924
59928
59949
59959
59969
59981
59988
59999
60011
60014
60021
60040
60056
60065
60076
60087
60094
60104
60113
60123
60133
60145
60152
60162
60174
60183
60193
60203
60212
60222
60232
60243
60247
60254
60267
60275
60292
60303
60310
60320
60330
60341
60344
60351
60364
60380
60393
60396
60403
60417
60430
60441
60449
60459
60470
60476
60487
60492
60508
60516
60527
60539
60550
60554
60558
60575
60586
60596
60606
60614
60621
60632
60646
60657
60671
60677
60683
60696
60707
60714
60724
60736
60740
60743
60747
60754
60772
60788
60793
60804
60817
60828
60833
60839
60854
60862
60869
60879
60891
60897
60904
60913
60927
60935
60939
60951
60967
60988
60997
61007
61015
61026
61030
61037
61052
61069
61080
61089
61096
61105
61119
61125
61129
61142
61154
61162
61173
61178
61191
61196
61210
61220
61228
61237
61247
61259
61266
61273
61282
61294
61300
61315
61324
61334
61344
61356
61363
61366
61375
61391
61405
61411
61415
61429
61444
61449
61453
61466
61482
61488
61495
61505
61513
61528
61538
61550
61559
61567
61578
61588
61597
61601
61614
61625
61639
61651
61661
61673
61684
61690
61700
61717
61720
61726
61743
61758
61765
61772
61785
61796
61806
61818
61831
61837
61844
61854
61859
61874
61882
61893
61902
61911
61914
61920
61934
61951
61956
61963
61972
61985
61990
61998
62009
62021
62037
62042
62055
62065
62072
62083
62092
62103
62109
62120
62132
62140
62147
62156
62170
62180
62187
62190
62202
62212
62220
62237
62248
62254
62265
62277
62291
62295
62299
62302
62306
62323
62343
62351
62358
62372
62385
62389
62398
62410
62421
62430
62441
62455
62462
62471
62481
62490
62494
62500
62509
62524
62537
62547
62559
62562
62572
62587
62596
62600
62614
62629
62634
62638
62652
62670
62675
62679
62696
62703
62715
62724
62733
62750
62762
62769
62780
62793
62796
62799
62804
62820
62838
62843
62854
62863
62869
62879
62895
62902
62913
62918
62934
62945
62952
62962
62970
62982
62991
63003
63013
63022
63038
63050
63060
63070
63082
63085
63091
63096
63113
63131
63138
63148
63158
63164
63174
63181
63194
63205
63221
63230
63241
63250
63259
63269
63277
63287
63297
63308
63313
63329
63339
63349
63353
63363
63380
63392
63400
63403
63412
63431
63443
63450
63453
63469
63482
63489
63496
63501
63519
63531
63534
63544
63557
63569
63572
63587
63595
63599
63613
63628
63633
63640
63649
63655
63673
63684
63689
63694
63707
63728
63732
63739
63749
63754
63771
63785
63788
63793
63810
63823
63829
63839
63852
63858
63868
63882
63886
63897
63913
63918
63926
63931
63944
63956
63965
63977
63986
63997
64006
64012
64022
64035
64047
64050
64057
64072
64086
64096
64106
64117
64120
64127
64141
64152
64160
64171
64181
64188
64195
64202
64217
64230
64235
64245
64257
64269
64278
64287
64293
64309
64314
64328
64337
64346
64356
64367
64376
64390
64401
64408
64418
64429
64433
64443
64456
64467
64473
64485
64502
64507
64511
64518
64527
64546
64561
64568
64572
64586
64602
64612
64618
64628
64631
64640
64658
64672
64677
64688
64705
64710
64717
64728
64747
64759
64766
64785
64805
64821
64837
64849
64852
64865
64879
64885
64892
64897
64904
64922
64936
64948
64951
64961
64974
64986
64993
65005
65023
65031
65041
65050
65062
65071
65075
65087
65099
65112
65116
65127
65140
65147
65151
65158
65168
65187
65202
65209
65218
65226
65233
65246
65252
65273
65292
65295
65305
65320
65329
65335
65347
65359
65366
65374
65386
65395
65405
65417
65423
65428
65440
65457
65462
65469
65474
65487
65500
65511
65519
65531
65540
65551
65563
65570
65581
65593
65600
65612
65624
65628
65635
65649
65661
65669
65673
65690
65699
65707
65710
65714
65722
65747
65754
65758
65765
65782
65798
65802
65807
65811
65827
65845
65850
65857
65866
65879
65888
65896
65899
65903
65908
65915
65945
65955
65962
65972
65984
65987
65994
65997
66012
66030
66036
66043
66056
66065
66075
66085
66094
66101
66108
66121
66132
66140
66151
66158
66165
66175
66192
66202
66212
66221
66231
66243
66250
66260
66273
66282
66285
66299
66312
66320
66324
66336
66349
66360
66368
66372
66390
66401
66411
66420
66424
66438
66447
66461
66472
66483
66490
66500
66512
66520
66527
66533
66548
66561
66569
66577
66585
66595
66608
66620
66628
66635
66645
66656
66665
66669
66681
66698
66711
66729
66738
66748
66759
66768
66779
66791
66800
66809
66821
66834
66840
66850
66860
66872
66879
66891
66899
66907
66920
66929
66939
66951
66957
66968
66981
66986
66992
67006
67019
67026
67030
67044
67059
67066
67075
67088
67102
67109
67118
67124
67137
67147
67155
67162
67171
67187
67200
67207
67217
67228
67236
67244
67253
67263
67271
67283
67287
67301
67315
67321
67325
67338
67354
67360
67370
67377
67391
67395
67409
67418
67430
67433
67442
67459
67472
67476
67487
67491
67508
67518
67528
67538
67551
67554
67565
67572
67586
67599
67611
67620
67630
67643
67649
67660
67666
67674
67692
67705
67714
67722
67732
67745
67748
67758
67764
67784
67795
67805
67814
67823
67833
67845
67852
67862
67870
67882
67890
67902
67911
67921
67934
67940
67951
67963
67971
67983
67987
67998
68012
68025
68045
68053
68064
68077
68086
68094
68098
68101
68119
68138
68144
68152
68161
68167
68177
68196
68205
68216
68225
68234
68245
68257
68261
68271
68285
68299
68303
68307
68319
68325
68344
68349
68362
68372
68381
68393
68402
68413
68426
68431
68438
68447
68453
68470
68483
68490
68493
68501
68521
68532
68539
68549
68557
68568
68572
68583
68602
68613
68622
68631
68640
68649
68653
68670
68681
68690
68696
68705
68720
68732
68742
68754
68761
68764
68781
68792
68800
68804
68820
68834
68842
68845
68860
68871
68879
68888
68898
68907
68918
68928
68938
68949
68956
68967
68976
68987
68994
69004
69018
69029
69038
69045
69048
69065
69079
69083
69086
69091
69097
69118
69133
69142
69149
69159
69172
69176
69186
69197
69209
69218
69228
69234
69241
69254
69267
69281
69285
69296
69310
69317
69321
69335
69351
69356
69363
69373
69381
69391
69404
69410
69420
69430
69443
69454
69461
69473
69483
69487
69501
69515
69522
69543
69552
69561
69576
69597
69614
69623
69643
69657
69672
69676
69689
69702
69713
69718
69727
69735
69749
69767
69776
69785
69792
69802
69821
69824
69827
69832
69853
69869
69874
69878
69892
69907
69913
69917
69929
69944
69959
69964
69968
69981
69996
70002
70006
70013
70038
70053
70062
70073
70082
70091
70102
70113
70120
70124
70136
70151
70163
70172
70182
70195
70198
70211
70220
70232
70240
70251
70264
70273
70276
70289
70302
70314
70321
70333
70344
70355
70358
70374
70387
70393
70401
70406
70419
70435
70440
70445
70457
70471
70483
70490
70500
70512
70515
70526
70541
70552
70561
70571
70580
70589
70594
70605
70617
70628
70632
70647
70654
70671
70677
70691
70700
70709
70719
70733
70739
70749
70763
70768
70775
70785
70797
70805
70815
70828
70838
70844
70855
70860
70876
70888
70895
70905
70915
70923
70926
70930
70946
70966
70972
70981
70984
70999
71012
71016
71021
71025
71041
71047
71066
71071
71078
71090
71103
71118
71122
71127
71140
71152
71161
71171
71184
71197
71204
71216
71227
71238
71253
71267
71282
71293
71305
71308
71321
71335
71344
71353
71361
71375
71380
71393
71403
71409
71419
71434
71439
71447
71463
71470
71474
71487
71503
71510
71519
71530
71541
71553
71562
71570
71580
71592
71599
71609
71618
71627
71632
71641
71655
71668
71672
71688
71699
71702
71712
71719
71739
71750
71759
71763
71779
71788
71795
71805
71818
71830
71838
71848
71864
71869
71878
71890
71900
71911
71926
71932
71941
71948
71958
71970
71978
71987
71994
72001
72006
72020
72033
72040
72051
72066
72071
72078
72083
72096
72104
72111
72125
72137
72143
72157
72163
72170
72179
72193
72201
72217
72226
72237
72246
72256
72259
72275
72283
72294
72297
72307
72325
72337
72346
72355
72358
72374
72383
72393
72404
72418
72424
72434
72449
72454
72458
72472
72480
72492
72496
72514
72525
72529
72541
72553
72564
72572
72576
72585
72601
72615
72619
72625
72640
72650
72662
72672
72681
72693
72702
72712
72719
72727
72744
72752
72760
72774
72785
72792
72804
72818
72821
72825
72839
72858
72865
72875
72884
72895
72905
72917
72924
72928
72945
72959
72966
72976
72989
72996
73006
73017
73021
73026
73033
73051
73063
73067
73081
73095
73102
73112
73121
73131
73155
73164
73171
73178
73187
73197
73213
73224
73230
73233
73239
73242
73257
73281
73293
73300
73311
73322
73329
73339
73355
73362
73371
73381
73391
73401
73415
73419
73426
73439
73455
73460
73464
73477
73493
73498
73505
73514
73529
73541
73550
73559
73570
73584
73591
73601
73610
73619
73622
73626
73635
73660
73668
73678
73687
73696
73707
73722
73726
73732
73749
73760
73769
73779
73790
73797
73807
73822
73828
73838
73852
73865
73871
73881
73893
73896
73907
73918
73927
73932
73944
73960
73971
73978
73988
74001
74007
74019
74029
74039
74050
74058
74068
74079
74092
74098
74102
74112
74123
74130
74144
74161
74166
74173
74183
74194
74199
74209
74221
74225
74240
74249
74261
74271
74281
74288
74291
74307
74315
74320
74336
74350
74358
74368
74380
74387
74397
74405
74416
74419
74424
74441
74462
74468
74475
74484
74490
74499
74516
74526
74534
74545
74567
74575
74582
74591
74603
74616
74622
74630
74641
74650
74660
74671
74678
74681
74697
74709
74712
74716
74725
74733
74746
74766
74774
74781
74792
74798
74817
74826
74836
74846
74851
74861
74874
74882
74892
74904
74912
74920
74929
74942
74951
74961
74964
74974
74991
75004
75007
75013
75029
75046
75058
75069
75080
75087
75098
75109
75115
75118
75122
75127
75153
75168
75171
75178
75192
75208
75218
75228
75240
75247
75258
75270
75273
75283
75296
75310
75315
75319
75333
75352
75361
75367
75373
75384
75398
75409
75416
75426
75435
75448
75457
75466
75476
75484
75495
75508
75521
75528
75531
75541
75557
75569
75572
75583
75596
75607
75610
75617
75631
75645
75653
75657
75674
75682
75692
75704
75714
75722
75734
75742
75753
75763
75768
75782
75795
75801
75811
75822
75831
75841
75854
75860
75870
75878
75888
75892
75909
75913
75928
75943
75949
75956
75965
75977
75986
75990
76006
76019
76029
76040
76058
76074
76081
76084
76100
76116
76121
76131
76145
76150
76154
76168
76183
76187
76191
76205
76221
76225
76237
76255
76260
76267
76276
76288
76302
76306
76312
76316
76332
76351
76357
76367
76376
76385
76389
76407
76420
76426
76437
76448
76455
76465
76478
76485
76496
76510
76513
76516
76521
76537
76554
76566
76569
76583
76592
76600
76603
76607
76612
76632
76646
76657
76667
76675
76685
76689
76708
76721
76731
76740
76745
76763
76773
76780
76792
76806
76821
76832
76840
76851
76863
76871
76881
76894
76901
76910
76919
76930
76935
76949
76957
76966
76975
76988
76991
77001
77009
77018
77032
77045
77053
77061
77074
77086
77089
77096
77111
77117
77125
77141
77154
77157
77168
77176
77189
77200
77211
77220
77231
77241
77250
77259
77269
77279
77288
77300
77307
77311
77324
77339
77351
77354
77364
77377
77393
77397
77405
77418
77433
77440
77444
77450
77467
77482
77485
77499
77508
77515
77526
77542
77547
77554
77560
77573
77586
77606
77622
77631
77652
77662
77683
77697
77706
77711
77723
77735
77743
77746
77760
77771
77779
77782
77795
77809
77815
77822
77833
77851
77869
77879
77887
77894
77898
77916
77928
77932
77938
77946
77961
77971
77981
77990
78000
78005
78018
78024
78031
78041
78054
78066
78078
78088
78091
78101
78107
78118
78129
78144
78152
78159
78172
78185
78197
78204
78214
78228
78231
78235
78250
78267
78273
78277
78290
78306
78312
78316
78331
78345
78354
78364
78373
78382
78385
78402
78415
78419
78422
78425
78429
78452
78471
78474
78484
78496
78506
78514
78517
78521
78525
78545
78568
78573
78577
78591
78601
78615
78620
78632
78645
78654
78659
78669
78675
78684
78700
78716
78721
78731
78748
78754
78760
78767
78782
78795
78802
78814
78818
78834
78844
78853
78863
78876
78879
78885
78899
78910
78916
78919
78923
78939
78948
78964
78975
78983
78993
78997
79013
79023
79035
79040
79050
79064
79071
79081
79091
79102
79108
79111
79116
79130
79140
79157
79165
79175
79179
79198
79207
79211
79224
79236
79250
79267
79279
79282
79298
79312
79315
79319
79324
79336
79346
79368
79380
79383
79393
79408
79415
79419
79433
79450
79456
79460
79474
79482
79496
79508
79521
79525
79535
79548
79560
79563
79573
79586
79600
79607
79611
79618
79631
79639
79655
79662
79669
79678
79685
79694
79710
79723
79732
79743
79754
79757
79768
79780
79789
79801
79815
79822
79832
79844
79847
79858
79869
79878
79888
79903
79906
79910
79914
79935
79950
79955
79962
79972
79984
79993
80002
80005
80020
80044
80050
80057
80066
80077
80087
80093
80103
80107
80115
80137
80145
80155
80165
80178
80184
80188
80204
80217
80227
80235
80245
80254
80260
80272
80284
80295
80302
80306
80319
80329
80335
80347
80353
80362
80375
80390
80396
80400
80416
80433
80439
80447
80456
80469
80478
80490
80497
80502
80511
80530
80542
80549
80560
80571
80578
80582
80600
80609
80620
80629
80640
80649
80659
80669
80684
80690
80694
80708
80724
80729
80736
80746
80758
80771
80778
80791
80804
80812
80815
80832
80839
80847
80856
80869
80884
80891
80901
80910
80916
80935
80957
80965
80972
80985
80999
81004
81008
81016
81035
81042
81054
81060
81072
81081
81091
81097
81111
81115
81129
81145
81151
81160
81170
81181
81188
81198
81201
81210
81214
81223
81242
81255
81258
81269
81280
81286
81292
81298
81307
81327
81339
81347
81355
81364
81371
81379
81388
81395
81409
81424
81430
81437
81447
81458
81467
81480
81489
81493
81500
81517
81527
81538
81547
81556
81566
81581
81584
81588
81592
81613
81628
81634
81638
81647
81663
81678
81683
81694
81705
81716
81728
81737
81743
81750
81764
81780
81785
81789
81796
81815
81830
81837
81847
81858
81861
81873
81888
81898
81902
81919
81931
81937
81947
81959
81968
81979
81983
81998
82010
82019
82023
82039
82052
82060
82070
82084
82087
82090
82104
82122
82127
82131
82145
82161
82167
82177
82186
82194
82207
82216
82226
82237
82240
82247
82262
82277
82282
82286
82299
82321
82334
82338
82352
82361
82374
82378
82390
82405
82416
82427
82437
82449
82457
82460
82479
82493
82496
82501
82505
82516
82536
82548
82553
82564
82577
82588
82594
82597
82611
82629
82635
82639
82646
82664
82681
82685
82691
82700
82717
82727
82730
82741
82747
82762
82771
82775
82785
82795
82806
82819
82831
82839
82849
82861
82865
82875
82881
82895
82905
82919
82930
82937
82947
82960
82967
82971
82992
83003
83013
83021
83025
83041
83049
83060
83071
83082
83089
83093
83111
83121
83132
83142
83150
83161
83171
83185
83188
83191
83196
83207
83225
83232
83246
83255
83264
83277
83287
83291
83304
83316
83328
83335
83338
83353
83361
83368
83372
83375
83387
83403
83415
83422
83431
83443
83456
83464
83471
83481
83493
83501
83505
83518
83530
83541
83550
83562
83569
83576
83591
83606
83612
83622
83631
83641
83651
83661
83667
83671
83676
83697
83711
83718
83728
83743
83752
83761
83775
83782
83794
83807
83818
83824
83828
83845
83854
83862
83865
83868
83878
83899
83910
83917
83926
83938
83950
83953
83957
83963
83971
83987
84008
84013
84020
84030
84036
84047
84066
84076
84080
84097
84109
84117
84120
84138
84153
84161
84170
84179
84193
84202
84211
84214
84226
84238
84248
84256
84265
84269
84271
84274
84277
84300
84322
84327
84331
84345
84356
84367
84380
84388
84395
84404
84417
84429
84432
84442
84456
84468
84477
84486
84496
84508
84515
84525
84534
84544
84548
84557
84577
84583
84590
84601
84613
84625
84632
84645
84654
84661
84671
84677
84687
84703
84714
84721
84732
84743
84748
84752
84756
84771
84787
84798
84805
84815
84825
84836
84844
84854
84867
84876
84886
84894
84903
84913
84924
84927
84933
84937
84952
84967
84974
84978
84991
85006
85011
85021
85035
85052
85063
85073
85094
85105
85112
85123
85132
85141
85147
85155
85168
85181
85184
85199
85210
85213
85224
85234
85243
85248
85262
85280
85285
85292
85301
85307
85324
85338
85341
85346
85350
85365
85382
85393
85400
85403
85420
85431
85438
85443
85459
85469
85473
85486
85500
85505
85509
85523
85538
85542
85546
85563
85577
85583
85593
85606
85613
85625
85635
85643
85657
85665
85675
85685
85694
85704
85714
85727
85730
85735
85749
85767
85773
85782
85792
85801
85811
85819
85829
85838
85845
85849
85859
85876
85891
85894
85904
85919
85930
85943
85950
85960
85969
85979
85989
85997
86008
86023
86026
86030
86043
86058
86066
86076
86085
86094
86104
86117
86121
86127
86140
86154
86160
86167
86172
86185
86197
86206
86210
86223
86229
86238
86255
86266
86272
86283
86300
86315
86326
86334
86344
86355
86363
86374
86382
86392
86402
86418
86422
86429
86435
86454
86466
86473
86483
86494
86503
86513
86523
86531
86538
86552
86558
86571
86580
86589
86600
86611
86618
86622
86635
86649
86657
86664
86672
86685
86692
86699
86711
86728
86739
86748
86752
86769
86781
86784
86794
86809
86819
86825
86836
86848
86859
86867
86877
86888
86895
86907
86917
86927
86937
86948
86952
86958
86971
86979
86986
87000
87013
87018
87027
87035
87051
87060
87069
87079
87088
87102
87109
87113
87126
87142
87153
87160
87163
87172
87194
87216
87226
87241
87256
87271
87276
87298
87311
87324
87327
87337
87349
87353
87364
87370
87386
87400
87403
87414
87420
87430
87442
87457
87469
87478
87488
87500
87507
87510
87526
87540
87545
87555
87571
87576
87583
87593
87605
87617
87620
87631
87646
87653
87664
87677
87686
87694
87701
87711
87728
87743
87746
87751
87764
87783
87788
87795
87804
87817
87833
87841
87860
87871
87876
87886
87898
87909
87916
87919
87935
87946
87954
87958
87978
87990
87994
88004
88016
88023
88030
88040
88057
88067
88077
88089
88096
88106
88114
88126
88135
88146
88153
88164
88170
88187
88195
88201
88210
88223
88231
88241
88245
88252
88265
88283
88289
88292
88305
88319
88332
88338
88345
88349
88366
88377
88384
88395
88407
88420
88424
88435
88449
88461
88470
88480
88483
88499
88510
88517
88527
88541
88544
88550
88562
88577
88590
88596
88606
88618
88621
88633
88647
88658
88667
88677
88682
88695
88704
88713
88725
88739
88742
88754
88770
88776
88783
88789
88803
88816
88821
88837
88847
88855
88866
88878
88887
88891
88904
88918
88932
88936
88940
88944
88952
88976
88985
88993
89002
89016
89030
89034
89037
89046
89060
89073
89083
89092
89102
89112
89121
89134
89144
89154
89166
89175
89185
89197
89203
89213
89222
89230
89237
89246
89255
89259
89277
89293
89298
89305
89314
89330
89340
89350
89359
89369
89380
89392
89395
89405
89419
89439
89451
89461
89473
89483
89490
89500
89510
89517
89527
89541
89544
89548
89561
89576
89583
89588
89600
89612
89626
89634
89638
89645
89658
89673
89685
89688
89694
89701
89717
89733
89744
89752
89762
89765
89775
89791
89799
89806
89818
89829
89839
89851
89867
89871
89878
89888
89901
89914
89920
89932
89942
89952
89962
89971
89981
89993
89996
90008
90022
90031
90039
90052
90069
90081
90084
90096
90108
90119
90125
90129
90139
90152
90162
90175
90183
90188
90199
90211
90222
90226
90230
90236
90254
90273
90278
90287
90297
90303
90314
90320
90334
90338
90354
90369
90372
90378
90391
90402
90412
90423
90434
90444
90455
90463
90471
90480
90486
90499
90513
90525
90529
90533
90541
90559
90570
90573
90585
90597
90611
90615
90621
90629
90645
90655
90659
90675
90687
90690
90703
90717
90720
90725
90742
90756
90762
90772
90784
90790
90801
90813
90820
90824
90828
90847
90864
90867
90878
90890
90899
90907
90915
90928
90943
90948
90955
90961
90968
90977
90992
91000
91012
91021
91034
91040
91054
91075
91083
91087
91103
91117
91121
91132
91147
91152
91161
91179
91188
91200
91211
91224
91231
91242
91257
91268
91278
91284
91294
91302
91313
91325
91335
91346
91358
91370
91373
91383
91396
91408
91415
91427
91437
91449
91462
91467
91474
91483
91497
91509
91516
91528
91538
91546
91558
91570
91582
91590
91593
91609
91624
91628
91633
91642
91651
91658
91677
91688
91698
91701
91718
91735
91740
91746
91763
91777
91782
91789
91798
91804
91821
91835
91839
91850
91858
91872
91881
91891
91897
91907
91920
91924
91931
91938
91954
91963
91970
91983
91995
92007
92014
92018
92030
92040
92053
92070
92075
92083
92088
92102
92114
92125
92132
92142
92155
92164
92168
92181
92196
92203
92210
92219
92233
92242
92252
92268
92274
92281
92291
92303
92315
92323
92331
92341
92354
92360
92367
92381
92393
92405
92412
92424
92436
92440
92448
92462
92469
92484
92493
92502
92512
92528
92531
92536
92548
92556
92565
92582
92593
92596
92607
92613
92628
92636
92651
92659
92665
92681
92699
92707
92720
92728
92737
92741
92750
92767
92780
92785
92798
92807
92816
92829
92838
92847
92858
92868
92877
92886
92896
92909
92912
92922
92931
92945
92958
92965
92969
92982
92998
93005
93015
93026
93036
93040
93055
93063
93076
93086
93098
93104
93113
93122
93131
93139
93149
93161
93168
93172
93186
93202
93209
93222
93227
93245
93259
93266
93273
93282
93295
93302
93312
93322
93333
93343
93352
93361
93371
93380
93389
93392
93408
93421
93427
93431
93447
93462
93469
93478
93490
93497
93508
93522
93525
93530
93539
93558
93570
93573
93583
93596
93611
93618
93625
93635
93648
93657
93664
93670
93684
93697
93707
93720
93734
93740
93747
93753
93769
93780
93787
93791
93807
93815
93821
93829
93833
93847
93861
93871
93879
93889
93902
93907
93911
93914
93933
93948
93957
93964
93970
93984
93997
94008
94015
94026
94038
94047
94054
94067
94079
94082
94093
94108
94117
94128
94139
94151
94157
94160
94169
94176
94192
94207
94216
94229
94237
94247
94257
94270
94273
94283
94295
94311
94314
94325
94340
94347
94350
94360
94373
94386
94391
94403
94417
94439
94452
94462
94471
94478
94481
94496
94504
94516
94519
94525
94538
94553
94562
94572
94575
94584
94599
94613
94616
94620
94624
94647
94662
94669
94672
94688
94697
94700
94715
94729
94734
94748
94757
94762
94773
94778
94795
94809
94813
94818
94831
94850
94854
94858
94872
94880
94889
94901
94909
94923
94936
94946
94956
94967
94974
94985
94998
95005
95013
95023
95034
95055
95059
95068
95084
95092
95103
95107
95125
95136
95146
95155
95165
95174
95183
95194
95208
95212
95217
95221
95232
95240
95253
95262
95279
95291
95301
95312
95325
95338
95347
95358
95365
95376
95384
95394
95404
95416
95419
95423
95427
95448
95462
95468
95477
95486
95494
95498
95513
95520
95533
95544
95557
95560
95570
95582
95598
95601
95606
95620
95639
95649
95658
95665
95675
95688
95694
95698
95711
95722
95738
95752
95759
95769
95777
95783
95794
95809
95817
95821
95835
95844
95857
95867
95879
95886
95896
95911
95914
95926
95941
95951
95960
95963
95974
95982
95994
96003
96011
96019
96033
96042
96055
96067
96079
96082
96092
96099
96111
96138
96153
96158
96165
96170
96184
96195
96205
96217
96227
96234
96244
96256
96267
96271
96282
96287
96303
96318
96323
96333
96348
96357
96366
96373
96376
96391
96399
96412
96419
96430
96442
96450
96461
96466
96480
96489
96499
96510
96521
96532
96541
96551
96554
96570
96582
96589
96599
96613
96616
96619
96624
96636
96654
96665
96673
96684
96696
96699
96705
96712
96727
96741
96751
96755
96769
96784
96790
96799
96806
96820
96829
96838
96848
96858
96867
96877
96884
96888
96903
96918
96924
96938
96943
96957
96966
96975
96985
96997
97002
97007
97020
97038
97047
97056
97063
97073
97087
97091
97100
97111
97125
97130
97137
97146
97158
97170
97173
97183
97195
97204
97211
97223
97229
97238
97251
97262
97270
97274
97288
97301
97307
97320
97329
97338
97349
97354
97368
97379
97388
97397
97405
97416
97425
97431
97442
97454
97462
97469
97473
97481
97492
97508
97521
97530
97541
97553
97560
97564
97576
97585
97597
97609
97616
97620
97634
97650
97661
97674
97681
97686
97690
97708
97721
97728
97741
97753
97768
97772
97778
97786
97803
97822
97837
97843
97853
97856
97871
97885
97888
97893
97906
97924
97929
97933
97947
97955
97968
97979
97989
97996
98006
98020
98032
98038
98041
98057
98067
98078
98085
98095
98107
98117
98127
98136
98145
98149
98165
98177
98184
98189
98192
98203
98222
98230
98244
98252
98262
98265
98275
98284
98298
98312
98317
98324
98333
98346
98358
98361
98367
98374
98387
98404
98411
98419
98428
98442
98451
98463
98467
98482
98498
98503
98510
98519
98532
98545
98551
98555
98573
98580
98592
98603
98612
98622
98630
98640
98651
98662
98669
98674
98687
98701
98713
98724
98729
98736
98746
98759
98770
98778
98789
98797
98807
98818
98825
98828
98843
98851
98858
98861
98865
98881
98898
98909
98919
98928
98937
98941
98960
98970
98980
98988
99000
99009
99018
99028
99044
99051
99059
99071
99081
99092
99100
99111
99121
99133
99140
99152
99162
99166
99179
99187
99194
99207
99219
99231
99237
99241
99259
99269
99279
99290
99297
99306
99315
99322
99343
99349
99361
99368
99386
99401
99404
99411
99426
99438
99446
99450
99465
99476
99489
99498
99508
99520
99526
99537
99551
99555
99560
99567
99571
99593
99606
99609
99615
99629
99637
99644
99659
99672
99678
99691
99700
99710
99720
99728
99738
99754
99758
99763
99781
99792
99799
99809
99815
99828
99838
99850
99857
99868
99880
99890
99897
99906
99919
99931
99938
99950
99960
99967
99974
99988
99997
100010
100022
100033
100046
100059
100066
100072
100077
100094
100115
100123
100130
